0.00	0.00	200.00	200.00	0.00
0.00	0.00	200.00	200.00	0.00
0.00	0.00	200.00	200.00	0.00
0.00	0.00	200.00	200.00	0.00
0.02	0.00	200.00	200.00	-0.00
0.04	0.00	200.00	200.00	-0.00
0.06	0.00	200.00	200.00	-0.00
0.10	0.00	200.00	200.00	-0.00
0.13	0.00	200.01	199.99	-0.00
0.17	0.00	200.01	199.99	-0.00
0.21	0.00	200.01	199.99	-0.00
0.25	0.00	200.02	199.98	-0.00
0.31	0.00	200.02	199.98	-0.01
0.37	0.00	200.03	199.97	-0.01
0.45	0.00	200.04	199.96	-0.01
0.52	0.00	200.05	199.95	-0.01
0.60	0.00	200.06	199.94	-0.01
0.71	0.00	200.07	199.93	-0.01
0.80	0.00	200.09	199.91	-0.01
0.90	0.00	200.10	199.90	-0.02
1.05	0.00	200.12	199.88	-0.02
1.16	0.00	200.15	199.85	-0.02
1.26	0.00	200.17	199.83	-0.02
1.39	0.00	200.19	199.81	-0.03
1.50	0.00	200.22	199.78	-0.03
1.60	0.00	200.25	199.75	-0.03
1.73	0.00	200.28	199.72	-0.03
1.84	0.00	200.32	199.68	-0.03
1.96	0.00	200.35	199.65	-0.04
2.06	0.00	200.39	199.61	-0.04
2.14	0.00	200.43	199.57	-0.04
2.21	0.00	200.47	199.53	-0.04
2.28	0.00	200.51	199.49	-0.04
2.37	0.00	200.56	199.44	-0.04
2.44	0.00	200.60	199.40	-0.05
2.50	0.00	200.65	199.35	-0.05
2.56	0.00	200.70	199.30	-0.05
2.61	0.00	200.75	199.25	-0.05
2.66	0.00	200.79	199.21	-0.05
2.70	0.00	200.84	199.16	-0.05
2.73	0.00	200.90	199.10	-0.05
2.77	0.00	200.95	199.05	-0.05
2.80	0.00	201.00	199.00	-0.05
2.82	0.00	201.05	198.95	-0.05
2.82	0.00	201.10	198.90	-0.05
2.83	0.00	201.15	198.85	-0.05
2.84	0.00	201.21	198.79	-0.05
2.84	0.00	201.26	198.74	-0.05
2.84	0.00	201.31	198.69	-0.05
2.84	0.00	201.36	198.64	-0.05
2.84	0.00	201.42	198.58	-0.05
2.82	0.00	201.47	198.53	-0.05
2.79	0.00	201.52	198.48	-0.05
2.75	0.00	201.57	198.43	-0.05
2.70	0.00	201.62	198.38	-0.05
2.65	0.00	201.67	198.33	-0.05
2.60	0.00	201.72	198.28	-0.05
2.56	0.00	201.77	198.23	-0.05
2.51	0.00	201.81	198.19	-0.05
2.46	0.00	201.86	198.14	-0.05
2.42	0.00	201.90	198.10	-0.04
2.38	0.00	201.95	198.05	-0.04
2.34	0.00	201.99	198.01	-0.04
2.30	0.00	202.03	197.97	-0.04
2.27	0.00	202.07	197.93	-0.04
2.24	0.00	202.12	197.88	-0.04
2.22	0.00	202.16	197.84	-0.04
2.19	0.00	202.20	197.80	-0.04
2.16	0.00	202.24	197.76	-0.04
2.13	0.00	202.28	197.72	-0.04
2.10	0.00	202.32	197.68	-0.04
2.08	0.00	202.35	197.65	-0.04
2.05	0.00	202.39	197.61	-0.04
1.98	0.00	202.43	197.57	-0.04
1.92	0.00	202.46	197.54	-0.04
1.84	0.00	202.50	197.50	-0.03
1.76	0.00	202.53	197.47	-0.03
1.69	0.00	202.56	197.44	-0.03
1.60	0.00	202.59	197.41	-0.03
1.51	0.00	202.62	197.38	-0.03
1.43	0.00	202.65	197.35	-0.03
1.35	0.00	202.67	197.33	-0.02
1.24	0.00	202.69	197.31	-0.02
1.16	0.00	202.72	197.28	-0.02
1.08	0.00	202.74	197.26	-0.02
0.97	0.00	202.75	197.25	-0.02
0.86	0.00	202.77	197.23	-0.02
0.76	0.00	202.78	197.22	-0.01
0.67	0.00	202.80	197.20	-0.01
0.54	0.00	202.81	197.19	-0.01
0.42	0.00	202.81	197.19	-0.01
0.32	0.00	202.82	197.18	-0.01
0.20	0.00	202.82	197.18	-0.00
0.09	0.00	202.83	197.17	-0.00
-0.02	0.00	202.82	197.18	0.00
-0.15	0.00	202.82	197.18	0.00
-0.26	0.00	202.82	197.18	0.00
-0.37	0.00	202.81	197.19	0.01
-0.51	0.00	202.80	197.20	0.01
-0.60	0.00	202.79	197.21	0.01
-0.70	0.00	202.78	197.22	0.01
-0.82	0.00	202.76	197.24	0.02
-0.92	0.00	202.74	197.26	0.02
-1.02	0.00	202.73	197.27	0.02
-1.11	0.00	202.71	197.29	0.02
-1.19	0.00	202.68	197.32	0.02
-1.26	0.00	202.66	197.34	0.02
-1.33	0.00	202.64	197.36	0.02
-1.41	0.00	202.61	197.39	0.03
-1.48	0.00	202.58	197.42	0.03
-1.51	0.00	202.55	197.45	0.03
-1.54	0.00	202.53	197.47	0.03
-1.56	0.00	202.50	197.50	0.03
-1.58	0.00	202.47	197.53	0.03
-1.61	0.00	202.44	197.56	0.03
-1.61	0.00	202.41	197.59	0.03
-1.61	0.00	202.38	197.62	0.03
-1.64	0.00	202.35	197.65	0.03
-1.67	0.00	202.32	197.68	0.03
-1.72	0.00	202.29	197.71	0.03
-1.79	0.00	202.25	197.75	0.03
-1.84	0.00	202.22	197.78	0.03
-1.90	0.00	202.18	197.82	0.04
-1.95	0.00	202.15	197.85	0.04
-1.99	0.00	202.11	197.89	0.04
-2.03	0.00	202.07	197.93	0.04
-2.10	0.00	202.03	197.97	0.04
-2.16	0.00	201.99	198.01	0.04
-2.22	0.00	201.95	198.05	0.04
-2.29	0.00	201.91	198.09	0.04
-2.39	0.00	201.87	198.13	0.04
-2.46	0.00	201.82	198.18	0.05
-2.54	0.00	201.77	198.23	0.05
-2.62	0.00	201.73	198.27	0.05
-2.69	0.00	201.68	198.32	0.05
-2.76	0.00	201.62	198.38	0.05
-2.85	0.00	201.57	198.43	0.05
-2.95	0.00	201.52	198.48	0.05
-3.04	0.00	201.46	198.54	0.06
-3.13	0.00	201.40	198.60	0.06
-3.22	0.00	201.34	198.66	0.06
-3.31	0.00	201.28	198.72	0.06
-3.37	0.00	201.22	198.78	0.06
-3.39	0.00	201.16	198.84	0.06
-3.40	0.00	201.09	198.91	0.06
-3.43	0.00	201.03	198.97	0.06
-3.44	0.00	200.97	199.03	0.06
-3.46	0.00	200.90	199.10	0.06
-3.50	0.00	200.84	199.16	0.06
-3.55	0.00	200.77	199.23	0.07
-3.62	0.00	200.71	199.29	0.07
-3.71	0.00	200.64	199.36	0.07
-3.83	0.00	200.57	199.43	0.07
-3.97	0.00	200.49	199.51	0.07
-4.10	0.00	200.42	199.58	0.08
-4.27	0.00	200.34	199.66	0.08
-4.41	0.00	200.26	199.74	0.08
-4.56	0.00	200.17	199.83	0.08
-4.71	0.00	200.08	199.92	0.09
-4.84	0.00	200.00	200.00	0.09
-5.00	0.00	199.90	200.10	0.09
-5.24	0.00	199.81	200.19	0.10
-5.39	0.00	199.71	200.29	0.10
-5.51	0.00	199.60	200.40	0.10
-5.64	0.00	199.50	200.50	0.10
-5.72	0.00	199.39	200.61	0.11
-5.77	0.00	199.29	200.71	0.11
-5.81	0.00	199.18	200.82	0.11
-5.85	0.00	199.07	200.93	0.11
-5.89	0.00	198.96	201.04	0.11
-5.93	0.00	198.85	201.15	0.11
-5.97	0.00	198.74	201.26	0.11
-6.02	0.00	198.63	201.37	0.11
-6.06	0.00	198.52	201.48	0.11
-6.09	0.00	198.41	201.59	0.11
-6.12	0.00	198.29	201.71	0.11
-6.16	0.00	198.18	201.82	0.11
-6.19	0.00	198.06	201.94	0.11
-6.23	0.00	197.95	202.05	0.12
-6.27	0.00	197.83	202.17	0.12
-6.32	0.00	197.72	202.28	0.12
-6.36	0.00	197.60	202.40	0.12
-6.40	0.00	197.48	202.52	0.12
-6.43	0.00	197.36	202.64	0.12
-6.47	0.00	197.24	202.76	0.12
-6.50	0.00	197.12	202.88	0.12
-6.52	0.00	197.00	203.00	0.12
-6.54	0.00	196.88	203.12	0.12
-6.55	0.00	196.76	203.24	0.12
-6.55	0.00	196.64	203.36	0.12
-6.54	0.00	196.52	203.48	0.12
-6.54	0.00	196.40	203.60	0.12
-6.55	0.00	196.27	203.73	0.12
-6.56	0.00	196.15	203.85	0.12
-6.58	0.00	196.03	203.97	0.12
-6.61	0.00	195.91	204.09	0.12
-6.65	0.00	195.79	204.21	0.12
-6.71	0.00	195.66	204.34	0.12
-6.76	0.00	195.54	204.46	0.13
-6.82	0.00	195.41	204.59	0.13
-6.90	0.00	195.28	204.72	0.13
-6.98	0.00	195.15	204.85	0.13
-7.07	0.00	195.02	204.98	0.13
-7.15	0.00	194.89	205.11	0.13
-7.27	0.00	194.76	205.24	0.13
-7.40	0.00	194.62	205.38	0.14
-7.58	-88.08	108.05	91.95	-8.05
-7.73	-88.08	116.08	83.92	-8.03
-7.91	-88.08	124.10	75.90	-8.02
-8.05	-88.08	132.11	67.89	-8.00
-8.20	-88.08	140.09	59.91	-7.99
-8.32	-88.08	148.07	51.93	-7.98
-8.43	-88.08	156.04	43.96	-7.97
-8.54	-88.08	163.99	36.01	-7.95
-8.64	-88.08	171.93	28.07	-7.94
-8.72	-88.08	175.00	20.13	-7.94
-8.82	-88.08	175.00	12.20	-7.93
-8.92	-88.08	175.00	4.29	-7.92
-9.02	-88.08	175.00	-3.62	-7.91
-9.12	-88.08	175.00	-11.52	-7.90
-9.26	-88.08	175.00	-19.40	-7.88
-9.40	-88.08	175.00	-27.27	-7.87
-9.55	-88.08	175.00	-35.12	-7.85
-9.72	-88.08	175.00	-42.96	-7.84
-9.99	-88.08	175.00	-50.77	-7.81
-10.20	-88.08	175.00	-58.55	-7.79
-10.43	-88.08	175.00	-66.32	-7.77
-10.74	-88.08	175.00	-74.05	-7.73
-11.01	-88.08	175.00	-81.76	-7.71
-11.30	-88.08	175.00	-89.44	-7.68
-11.67	-88.08	175.00	-97.08	-7.64
-12.07	-88.08	175.00	-104.68	-7.60
-12.50	-88.08	175.00	-112.24	-7.56
-12.90	-88.08	175.00	-119.76	-7.52
-13.32	-88.08	175.00	-127.23	-7.48
-13.85	-88.08	175.00	-134.66	-7.42
-14.33	-88.08	175.00	-142.03	-7.38
-14.84	-88.08	175.00	-149.36	-7.32
-15.49	-88.08	175.00	-156.62	-7.26
-16.18	-88.08	175.00	-163.81	-7.19
-16.90	-88.08	175.00	-170.92	-7.12
-17.53	-88.08	175.00	-175.00	-7.06
-18.19	-88.08	175.00	-175.00	-6.99
-19.00	-88.08	175.00	-175.00	-6.91
-19.71	-88.08	175.00	-175.00	-6.84
-20.58	-88.08	175.00	-175.00	-6.75
-21.33	-88.08	175.00	-175.00	-6.68
-22.27	-88.08	175.00	-175.00	-6.58
-23.24	-88.08	175.00	-175.00	-6.48
-24.06	-88.08	175.00	-175.00	-6.40
-24.91	-88.08	175.00	-175.00	-6.32
-25.95	-88.08	175.00	-175.00	-6.21
-26.85	-88.08	175.00	-175.00	-6.12
-27.96	-88.08	175.00	-175.00	-6.01
-28.93	-88.08	175.00	-175.00	-5.92
-30.14	-88.08	175.00	-175.00	-5.79
-31.38	-88.08	175.00	-175.00	-5.67
-32.46	-88.08	175.00	-175.00	-5.56
-33.79	-88.08	175.00	-175.00	-5.43
-34.93	-88.08	175.00	-175.00	-5.31
-36.09	-88.08	175.00	-175.00	-5.20
-37.50	-88.08	175.00	-175.00	-5.06
-38.93	-88.08	175.00	-175.00	-4.92
-40.14	-88.08	175.00	-175.00	-4.79
-41.61	-88.08	175.00	-175.00	-4.65
-42.85	-88.08	175.00	-175.00	-4.52
-44.36	-88.08	175.00	-175.00	-4.37
-45.65	-88.08	175.00	-175.00	-4.24
-46.95	-88.08	175.00	-175.00	-4.11
-48.52	-88.08	175.00	-175.00	-3.96
-50.10	-88.08	175.00	-175.00	-3.80
-51.43	-88.08	175.00	-175.00	-3.67
-53.02	-88.08	175.00	-175.00	-3.51
-54.34	-88.08	175.00	-175.00	-3.37
-55.91	-88.08	175.00	-175.00	-3.22
-57.22	-88.08	175.00	-175.00	-3.09
-58.54	-88.08	175.00	-175.00	-2.95
-60.13	-88.08	175.00	-175.00	-2.80
-61.71	-88.08	175.00	-175.00	-2.64
-63.30	-88.08	175.00	-175.00	-2.48
-64.63	-88.08	175.00	-175.00	-2.34
-65.98	-88.08	175.00	-175.00	-2.21
-67.62	-88.08	175.00	-175.00	-2.05
-68.98	-88.08	175.00	-175.00	-1.91
-70.34	-88.08	175.00	-175.00	-1.77
-72.25	-88.08	175.00	-175.00	-1.58
-73.62	-88.08	175.00	-175.00	-1.45
-75.26	-88.08	175.00	-175.00	-1.28
-76.62	-88.08	175.00	-175.00	-1.15
-77.98	-88.08	175.00	-175.00	-1.01
-79.64	-88.08	175.00	-175.00	-0.84
-81.02	-88.08	175.00	-175.00	-0.71
-82.69	-88.08	175.00	-175.00	-0.54
-84.37	-88.08	175.00	-175.00	-0.37
-85.78	-88.08	175.00	-175.00	-0.23
-87.48	-88.08	175.00	-175.00	-0.06
-88.92	-88.08	199.98	200.02	0.02
-90.66	-88.08	199.94	200.06	0.05
-92.12	-88.08	199.86	200.14	0.07
-93.58	-88.08	199.76	200.24	0.10
-95.35	-88.08	199.63	200.37	0.13
-97.12	-88.08	199.46	200.54	0.17
-98.89	-88.08	199.26	200.74	0.20
-100.34	-88.08	199.03	200.97	0.23
-102.06	-88.08	198.77	201.23	0.26
-103.46	-88.08	198.49	201.51	0.28
-105.06	-88.08	198.18	201.82	0.31
-106.30	-88.08	197.84	202.16	0.34
-107.92	-88.08	197.47	202.53	0.37
-109.01	-88.08	197.08	202.92	0.39
-110.23	-88.08	196.67	203.33	0.41
-111.18	-88.08	196.25	203.75	0.43
-112.24	-88.08	195.80	204.20	0.45
-113.05	-88.08	195.34	204.66	0.46
-113.97	-88.08	194.86	205.14	0.48
-114.69	-88.08	194.37	205.63	0.49
-115.59	-88.08	193.86	206.14	0.51
-116.17	-88.08	193.34	206.66	0.52
-116.81	-88.08	192.81	207.19	0.53
-117.30	-88.08	192.27	207.73	0.54
-117.85	-88.08	191.72	208.28	0.55
-118.27	-88.08	191.16	208.84	0.56
-118.72	-88.08	190.59	209.41	0.57
-119.15	-88.08	190.02	209.98	0.57
-119.53	-88.08	189.43	210.57	0.58
-119.89	-88.08	188.85	211.15	0.59
-120.17	-88.08	188.25	211.75	0.59
-120.47	-88.08	187.65	212.35	0.60
-120.68	-88.08	187.05	212.95	0.60
-120.90	-88.08	186.44	213.56	0.61
-121.06	-88.08	185.83	214.17	0.61
-121.24	-88.08	185.22	214.78	0.61
-121.35	-88.08	184.60	215.40	0.62
-121.47	-88.08	183.99	216.01	0.62
-121.57	-88.08	183.37	216.63	0.62
-121.67	-88.08	182.75	217.25	0.62
-121.74	-88.08	182.12	217.88	0.62
-121.82	-88.08	181.50	218.50	0.62
-121.87	-88.08	180.87	219.13	0.63
-121.92	-88.08	180.25	219.75	0.63
-121.95	-88.08	179.62	220.38	0.63
-121.98	-88.08	178.99	221.01	0.63
-122.01	-88.08	178.37	221.63	0.63
-122.02	-88.08	177.74	222.26	0.63
-122.02	-88.08	177.11	222.89	0.63
-122.02	-88.08	176.48	223.52	0.63
-122.02	-88.08	175.86	224.14	0.63
-122.02	-88.08	175.23	224.77	0.63
-122.02	-88.08	174.60	225.40	0.63
-122.03	-88.08	173.97	226.03	0.63
-122.06	-88.08	173.34	226.66	0.63
-122.06	-88.08	172.71	227.29	0.63
-122.04	-88.08	172.09	227.91	0.63
-121.97	-88.08	171.46	228.54	0.63
-121.88	-88.08	170.83	229.17	0.63
-121.78	-88.08	170.21	229.79	0.62
-121.70	-88.08	169.59	230.41	0.62
-121.58	-88.08	168.97	231.03	0.62
-121.46	-88.08	168.35	231.65	0.62
-121.31	-88.08	167.74	232.26	0.61
-121.18	-88.08	167.12	232.88	0.61
-121.01	-88.08	166.52	233.48	0.61
-120.88	-88.08	165.91	234.09	0.61
-120.72	-88.08	165.31	234.69	0.60
-120.59	-88.08	164.70	235.30	0.60
-120.44	-88.08	164.11	235.89	0.60
-120.31	-88.08	163.51	236.49	0.60
-120.16	-88.08	162.92	237.08	0.59
-120.04	-88.08	162.32	237.68	0.59
-119.87	-88.08	161.74	238.26	0.59
-119.75	-88.08	161.15	238.85	0.59
-119.61	-88.08	160.57	239.43	0.58
-119.50	-88.08	159.99	240.01	0.58
-119.38	-88.08	159.41	240.59	0.58
-119.27	-88.08	158.83	241.17	0.58
-119.14	-88.08	158.26	241.74	0.57
-119.02	-88.08	157.68	242.32	0.57
-118.85	-88.08	157.11	242.89	0.57
-118.71	-88.08	156.55	243.45	0.57
-118.58	-88.08	155.98	244.02	0.56
-118.42	-88.08	155.42	244.58	0.56
-118.28	-88.08	154.86	245.14	0.56
-118.11	-88.08	154.31	245.69	0.56
-117.96	-88.08	153.76	246.24	0.55
-117.78	-88.08	153.21	246.79	0.55
-117.66	-88.08	152.66	247.34	0.55
-117.47	-88.08	152.12	247.88	0.54
-117.29	-88.08	151.58	248.42	0.54
-117.08	-88.08	151.04	248.96	0.54
-116.92	-88.08	150.51	249.49	0.53
-116.72	-88.08	149.98	250.02	0.53
-116.54	-88.08	149.45	250.55	0.53
-116.30	-88.08	148.93	251.07	0.52
-116.12	-88.08	148.41	251.59	0.52
-115.90	-88.08	147.89	252.11	0.51
-115.71	-88.08	147.38	252.62	0.51
-115.48	-88.08	146.88	253.12	0.51
-115.27	-88.08	146.37	253.63	0.50
-115.02	-88.08	145.87	254.13	0.50
-114.74	-88.08	145.38	254.62	0.49
-114.47	-88.08	144.89	255.00	0.49
-114.25	-88.08	144.41	255.00	0.48
-114.00	-88.08	143.93	255.00	0.48
-113.77	-88.08	143.45	255.00	0.48
-113.52	-88.08	142.98	255.00	0.47
-113.33	-88.08	142.52	255.00	0.47
-113.14	-88.08	142.05	255.00	0.46
-112.95	-88.08	141.59	255.00	0.46
-112.78	-88.08	141.14	255.00	0.46
-112.64	-88.08	140.68	255.00	0.45
-112.45	-88.08	140.23	255.00	0.45
-112.27	-88.08	139.78	255.00	0.45
-112.02	-88.08	139.34	255.00	0.44
-111.78	-88.08	138.90	255.00	0.44
-111.44	-88.08	138.47	255.00	0.43
-111.19	-88.08	138.04	255.00	0.43
-110.91	-88.08	137.62	255.00	0.42
-110.67	-88.08	137.20	255.00	0.42
-110.38	-88.08	136.79	255.00	0.41
-110.15	-88.08	136.38	255.00	0.41
-109.87	-88.08	135.98	255.00	0.40
-109.63	-88.08	135.58	255.00	0.40
-109.29	-88.08	135.19	255.00	0.39
-109.05	-88.08	134.80	255.00	0.39
-108.76	-88.08	134.42	255.00	0.38
-108.51	-88.08	134.04	255.00	0.38
-108.21	-88.08	133.67	255.00	0.37
-107.94	-88.08	133.30	255.00	0.37
-107.61	-88.08	132.94	255.00	0.36
-107.32	-88.08	132.58	255.00	0.36
-106.92	-88.08	132.23	255.00	0.35
-106.62	-88.08	131.89	255.00	0.34
-106.26	-88.08	131.56	255.00	0.34
-105.94	-88.08	131.23	255.00	0.33
-105.56	-88.08	130.90	255.00	0.32
-105.24	-88.08	130.58	255.00	0.32
-104.86	-88.08	130.27	255.00	0.31
-104.47	-88.08	129.97	255.00	0.30
-104.09	-88.08	129.67	255.00	0.30
-103.78	-88.08	129.38	255.00	0.29
-103.42	-88.08	129.10	255.00	0.28
-103.12	-88.08	128.82	255.00	0.28
-102.76	-88.08	128.55	255.00	0.27
-102.45	-88.08	128.28	255.00	0.27
-102.11	-88.08	128.03	255.00	0.26
-101.78	-88.08	127.77	255.00	0.25
-101.44	-88.08	127.52	255.00	0.25
-101.16	-88.08	127.28	255.00	0.24
-100.81	-88.08	127.05	255.00	0.24
-100.53	-88.08	126.82	255.00	0.23
-100.18	-88.08	126.59	255.00	0.22
-99.88	-88.08	126.38	255.00	0.22
-99.46	-88.08	126.16	255.00	0.21
-99.17	-88.08	125.96	255.00	0.21
-98.80	-88.08	125.76	255.00	0.20
-98.49	-88.08	125.57	255.00	0.19
-98.12	-88.08	125.38	255.00	0.19
-97.80	-88.08	125.20	255.00	0.18
-97.50	-88.08	125.03	255.00	0.17
-97.14	-88.08	124.86	255.00	0.17
-96.79	-88.08	124.70	255.00	0.16
-96.47	-88.08	124.55	255.00	0.16
-96.24	-88.08	124.39	255.00	0.15
-96.00	-88.08	124.25	255.00	0.15
-95.79	-88.08	124.11	255.00	0.14
-95.53	-88.08	123.97	255.00	0.14
-95.33	-88.08	123.83	255.00	0.13
-95.04	-88.08	123.71	255.00	0.13
-94.80	-88.08	123.58	255.00	0.12
-94.49	-88.08	123.46	255.00	0.12
-94.20	-88.08	123.35	255.00	0.11
-93.90	-88.08	123.24	255.00	0.11
-93.54	-88.08	123.14	255.00	0.10
-93.24	-88.08	123.05	255.00	0.10
-92.89	-88.08	122.96	255.00	0.09
-92.54	-88.08	122.87	255.00	0.08
-92.20	-88.08	122.80	255.00	0.08
-91.94	-88.08	122.73	255.00	0.07
-91.61	-88.08	122.66	255.00	0.07
-91.32	-88.08	122.60	255.00	0.06
-90.96	-88.08	122.55	255.00	0.05
-90.65	-88.08	122.50	255.00	0.05
-90.34	-88.08	122.46	255.00	0.04
-89.90	-88.08	122.43	255.00	0.03
-89.59	-88.08	122.40	255.00	0.03
-89.22	-88.08	122.38	255.00	0.02
-88.93	-88.08	122.36	255.00	0.02
-88.61	-88.08	122.35	255.00	0.01
-88.35	-88.08	122.35	255.00	0.00
-88.03	-88.08	122.35	255.00	-0.00
-87.71	-88.08	122.35	254.99	-0.01
-87.38	-88.08	122.37	254.98	-0.01
-87.08	-88.08	122.39	254.96	-0.02
-86.76	-88.08	122.41	254.94	-0.02
-86.35	-88.08	122.44	254.90	-0.03
-86.01	-88.08	122.48	254.87	-0.04
-85.58	-88.08	122.53	254.82	-0.05
-85.23	-88.08	122.58	254.77	-0.05
-84.73	-88.08	122.64	254.70	-0.06
-84.37	-88.08	122.71	254.64	-0.07
-83.94	-88.08	122.79	254.56	-0.08
-83.57	-88.08	122.87	254.48	-0.08
-83.13	-88.08	122.96	254.38	-0.09
-82.76	-88.08	123.06	254.29	-0.10
-82.32	-88.08	123.17	254.18	-0.11
-81.95	-88.08	123.28	254.07	-0.11
-81.44	-88.08	123.40	253.94	-0.12
-81.08	-88.08	123.53	253.81	-0.13
-80.64	-88.08	123.67	253.68	-0.14
-80.29	-88.08	123.81	253.53	-0.14
-79.93	-88.08	123.97	253.38	-0.15
-79.52	-88.08	124.12	253.22	-0.16
-79.18	-88.08	124.29	253.06	-0.16
-78.73	-88.08	124.46	252.88	-0.17
-78.41	-88.08	124.64	252.71	-0.18
-78.03	-88.08	124.83	252.52	-0.19
-77.72	-88.08	125.02	252.33	-0.19
-77.34	-88.08	125.22	252.13	-0.20
-77.03	-88.08	125.42	251.92	-0.20
-76.66	-88.08	125.63	251.71	-0.21
-76.35	-88.08	125.85	251.50	-0.22
-75.90	-88.08	126.08	251.27	-0.23
-75.57	-88.08	126.31	251.04	-0.23
-75.18	-88.08	126.55	250.80	-0.24
-74.85	-88.08	126.79	250.56	-0.24
-74.49	-88.08	127.04	250.30	-0.25
-74.03	-88.08	127.30	250.04	-0.26
-73.62	-88.08	127.57	249.78	-0.27
-73.14	-88.08	127.85	249.50	-0.28
-72.68	-88.08	128.13	249.22	-0.29
-72.22	-88.08	128.42	248.92	-0.29
-71.84	-88.08	128.72	248.62	-0.30
-71.39	-88.08	129.03	248.31	-0.31
-71.02	-88.08	129.35	248.00	-0.32
-70.57	-88.08	129.67	247.67	-0.32
-70.19	-88.08	130.00	247.34	-0.33
-69.66	-88.08	130.35	247.00	-0.34
-69.31	-88.08	130.69	246.65	-0.35
-68.90	-88.08	131.05	246.30	-0.35
-68.56	-88.08	131.41	245.94	-0.36
-68.17	-88.08	131.78	245.57	-0.37
-67.84	-88.08	132.15	245.19	-0.37
-67.45	-88.08	132.53	244.81	-0.38
-67.13	-88.08	132.92	244.43	-0.39
-66.75	-88.08	133.32	244.03	-0.39
-66.39	-88.08	133.72	243.63	-0.40
-66.09	-88.08	134.12	243.22	-0.41
-65.75	-88.08	134.54	242.81	-0.41
-65.49	-88.08	134.96	242.39	-0.42
-65.18	-88.08	135.38	241.97	-0.42
-64.93	-88.08	135.81	241.54	-0.43
-64.59	-88.08	136.24	241.10	-0.43
-64.34	-88.08	136.68	240.67	-0.44
-64.05	-88.08	137.13	240.22	-0.44
-63.80	-88.08	137.57	239.77	-0.45
-63.53	-88.08	138.03	239.32	-0.45
-63.30	-88.08	138.49	238.86	-0.46
-63.03	-88.08	138.95	238.40	-0.46
-62.81	-88.08	139.42	237.93	-0.47
-62.52	-88.08	139.89	237.45	-0.47
-62.31	-88.08	140.37	236.98	-0.48
-62.05	-88.08	140.85	236.50	-0.48
-61.85	-88.08	141.34	236.01	-0.49
-61.65	-88.08	141.82	235.52	-0.49
-61.41	-88.08	142.32	235.03	-0.49
-61.22	-88.08	142.81	234.53	-0.50
-60.99	-88.08	143.32	234.03	-0.50
-60.75	-88.08	143.82	233.52	-0.51
-60.50	-88.08	144.33	233.01	-0.51
-60.30	-88.08	144.85	232.50	-0.51
-60.05	-88.08	145.36	231.98	-0.52
-59.84	-88.08	145.89	231.46	-0.52
-59.58	-88.08	146.41	230.93	-0.53
-59.36	-88.08	146.95	230.40	-0.53
-59.04	-88.08	147.48	229.86	-0.54
-58.81	-88.08	148.02	229.32	-0.54
-58.53	-88.08	148.57	228.77	-0.55
-58.31	-88.08	149.12	228.22	-0.55
-58.05	-88.08	149.68	227.67	-0.56
-57.82	-88.08	150.24	227.11	-0.56
-57.60	-88.08	150.80	226.54	-0.56
-57.35	-88.08	151.37	225.98	-0.57
-57.14	-88.08	151.94	225.40	-0.57
-56.95	-88.08	152.52	224.83	-0.58
-56.82	-88.08	153.10	224.25	-0.58
-56.69	-88.08	153.68	223.67	-0.58
-56.59	-88.08	154.26	223.09	-0.58
-56.44	-88.08	154.85	222.50	-0.59
-56.30	-88.08	155.43	221.91	-0.59
-56.12	-88.08	156.02	221.32	-0.59
-55.98	-88.08	156.62	220.73	-0.59
-55.80	-88.08	157.22	220.13	-0.60
-55.66	-88.08	157.82	219.53	-0.60
-55.51	-88.08	158.42	218.93	-0.60
-55.37	-88.08	159.02	218.32	-0.61
-55.21	-88.08	159.63	217.71	-0.61
-55.08	-88.08	160.24	217.10	-0.61
-54.94	-88.08	160.86	216.49	-0.61
-54.79	-88.08	161.47	215.87	-0.62
-54.68	-88.08	162.09	215.26	-0.62
-54.53	-88.08	162.71	214.64	-0.62
-54.41	-88.08	163.33	214.01	-0.62
-54.26	-88.08	163.96	213.39	-0.63
-54.15	-88.08	164.59	212.76	-0.63
-54.01	-88.08	165.22	212.13	-0.63
-53.88	-88.08	165.85	211.50	-0.63
-53.74	-88.08	166.49	210.86	-0.64
-53.63	-88.08	167.12	210.22	-0.64
-53.48	-88.08	167.76	209.58	-0.64
-53.35	-88.08	168.41	208.94	-0.64
-53.17	-88.08	169.05	208.29	-0.65
-53.02	-88.08	169.70	207.65	-0.65
-52.81	-88.08	170.35	206.99	-0.65
-52.66	-88.08	171.01	206.34	-0.66
-52.47	-88.08	171.67	205.68	-0.66
-52.32	-88.08	172.33	205.02	-0.66
-52.19	-88.08	172.99	204.35	-0.66
-52.10	-88.08	173.66	203.69	-0.67
-52.02	-88.08	174.32	203.02	-0.67
-51.95	-88.08	174.99	202.35	-0.67
-51.91	-88.08	175.66	201.68	-0.67
-51.87	-88.08	176.33	201.01	-0.67
-51.81	-88.08	177.00	200.34	-0.67
-51.75	-88.08	177.68	199.67	-0.67
-51.71	-88.08	178.35	199.00	-0.67
-51.64	-88.08	179.02	198.32	-0.67
-51.57	-88.08	179.70	197.65	-0.68
-51.47	-88.08	180.38	196.97	-0.68
-51.40	-88.08	181.05	196.29	-0.68
-51.32	-88.08	181.73	195.61	-0.68
-51.26	-88.08	182.42	194.93	-0.68
-51.20	-88.08	183.10	194.25	-0.68
-51.15	-88.08	183.78	193.56	-0.68
-51.09	-88.08	184.47	192.88	-0.68
-51.06	-88.08	185.15	192.20	-0.68
-51.02	-88.08	185.84	191.51	-0.69
-50.98	-88.08	186.52	190.82	-0.69
-50.95	-88.08	187.21	190.14	-0.69
-50.92	-88.08	187.90	189.45	-0.69
-50.90	-88.08	188.59	188.76	-0.69
-50.88	-88.08	189.27	188.07	-0.69
-50.88	-88.08	189.96	187.38	-0.69
-50.88	-88.08	190.65	186.70	-0.69
-50.88	-88.08	191.34	186.01	-0.69
-50.89	-88.08	192.03	185.32	-0.69
-50.89	-88.08	192.71	184.63	-0.69
-50.89	-88.08	193.40	183.94	-0.69
-50.90	-88.08	194.09	183.26	-0.69
-50.92	-88.08	194.78	182.57	-0.69
-50.93	-88.08	195.47	181.88	-0.69
-50.94	-88.08	196.15	181.19	-0.69
-50.94	-88.08	196.84	180.51	-0.69
-50.94	-88.08	197.53	179.82	-0.69
-50.94	-88.08	198.21	179.13	-0.69
-50.95	-88.08	198.90	178.45	-0.69
-50.97	-88.08	199.59	177.76	-0.69
-50.98	-88.08	200.27	177.07	-0.69
-51.01	-88.08	200.96	176.39	-0.69
-51.05	-88.08	201.64	175.70	-0.69
-51.11	-88.08	202.33	175.02	-0.68
-51.18	-88.08	203.01	174.33	-0.68
-51.26	-88.08	203.69	173.65	-0.68
-51.31	-88.08	204.37	172.97	-0.68
-51.38	-88.08	205.05	172.29	-0.68
-51.44	-88.08	205.73	171.62	-0.68
-51.52	-88.08	206.41	170.94	-0.68
-51.59	-88.08	207.08	170.26	-0.68
-51.65	-88.08	207.76	169.59	-0.67
-51.71	-88.08	208.43	168.92	-0.67
-51.79	-88.08	209.10	168.25	-0.67
-51.87	-88.08	209.77	167.58	-0.67
-51.98	-88.08	210.44	166.91	-0.67
-52.08	-88.08	211.10	166.24	-0.67
-52.19	-88.08	211.77	165.58	-0.66
-52.31	-88.08	212.43	164.92	-0.66
-52.42	-88.08	213.09	164.26	-0.66
-52.54	-88.08	213.75	163.60	-0.66
-52.64	-88.08	214.40	162.94	-0.66
-52.77	-88.08	215.06	162.29	-0.65
-52.88	-88.08	215.71	161.64	-0.65
-53.02	-88.08	216.36	160.99	-0.65
-53.18	-88.08	217.00	160.34	-0.65
-53.35	-88.08	217.64	159.70	-0.64
-53.50	-88.08	218.28	159.06	-0.64
-53.67	-88.08	218.92	158.43	-0.64
-53.81	-88.08	219.55	157.79	-0.63
-53.98	-88.08	220.18	157.16	-0.63
-54.12	-88.08	220.81	156.53	-0.63
-54.31	-88.08	221.44	155.91	-0.62
-54.45	-88.08	222.06	155.29	-0.62
-54.60	-88.08	222.68	154.67	-0.62
-54.73	-88.08	223.30	154.05	-0.62
-54.88	-88.08	223.91	153.44	-0.61
-55.01	-88.08	224.52	152.82	-0.61
-55.15	-88.08	225.13	152.21	-0.61
-55.27	-88.08	225.74	151.61	-0.61
-55.43	-88.08	226.34	151.00	-0.60
-55.56	-88.08	226.94	150.40	-0.60
-55.70	-88.08	227.54	149.80	-0.60
-55.87	-88.08	228.14	149.21	-0.60
-56.00	-88.08	228.73	148.61	-0.59
-56.16	-88.08	229.32	148.02	-0.59
-56.31	-88.08	229.91	147.43	-0.59
-56.50	-88.08	230.50	146.85	-0.58
-56.67	-88.08	231.08	146.27	-0.58
-56.85	-88.08	231.65	145.69	-0.58
-57.01	-88.08	232.23	145.12	-0.57
-57.19	-88.08	232.80	144.54	-0.57
-57.35	-88.08	233.37	143.98	-0.57
-57.55	-88.08	233.93	143.41	-0.56
-57.72	-88.08	234.50	142.85	-0.56
-57.96	-88.08	235.05	142.29	-0.56
-58.14	-88.08	235.61	141.74	-0.55
-58.36	-88.08	236.16	141.19	-0.55
-58.55	-88.08	236.70	140.64	-0.55
-58.78	-88.08	237.25	140.10	-0.54
-58.98	-88.08	237.78	139.56	-0.54
-59.18	-88.08	238.32	139.03	-0.53
-59.43	-88.08	238.85	138.50	-0.53
-59.68	-88.08	239.37	137.97	-0.53
-59.95	-88.08	239.90	137.45	-0.52
-60.18	-88.08	240.41	136.93	-0.52
-60.46	-88.08	240.92	136.42	-0.51
-60.70	-88.08	241.43	135.92	-0.51
-61.02	-88.08	241.93	135.42	-0.50
-61.29	-88.08	242.43	134.92	-0.50
-61.69	-88.08	242.91	134.43	-0.49
-61.97	-88.08	243.40	133.95	-0.48
-62.30	-88.08	243.87	133.47	-0.48
-62.56	-88.08	244.35	133.00	-0.47
-62.87	-88.08	244.81	132.53	-0.47
-63.11	-88.08	245.27	132.07	-0.46
-63.38	-88.08	245.73	131.61	-0.46
-63.59	-88.08	246.18	131.16	-0.45
-63.87	-88.08	246.63	130.71	-0.45
-64.07	-88.08	247.08	130.27	-0.44
-64.29	-88.08	247.52	129.83	-0.44
-64.47	-88.08	247.95	129.39	-0.44
-64.64	-88.08	248.39	128.96	-0.43
-64.86	-88.08	248.82	128.53	-0.43
-65.04	-88.08	249.24	128.10	-0.43
-65.25	-88.08	249.67	127.68	-0.42
-65.45	-88.08	250.09	127.26	-0.42
-65.66	-88.08	250.50	126.85	-0.41
-65.85	-88.08	250.91	126.43	-0.41
-66.08	-88.08	251.32	126.03	-0.41
-66.28	-88.08	251.72	125.62	-0.40
-66.49	-88.08	252.12	125.23	-0.40
-66.66	-88.08	252.52	124.83	-0.40
-66.91	-88.08	252.91	124.44	-0.39
-67.11	-88.08	253.30	124.05	-0.39
-67.34	-88.08	253.68	123.67	-0.38
-67.53	-88.08	254.06	123.28	-0.38
-67.78	-88.08	254.44	122.91	-0.38
-68.01	-88.08	254.81	122.54	-0.37
-68.27	-88.08	255.00	122.17	-0.37
-68.51	-88.08	255.00	121.81	-0.36
-68.83	-88.08	255.00	121.45	-0.36
-69.15	-88.08	255.00	121.10	-0.35
-69.43	-88.08	255.00	120.76	-0.35
-69.79	-88.08	255.00	120.42	-0.34
-70.10	-88.08	255.00	120.09	-0.33
-70.49	-88.08	255.00	119.76	-0.33
-70.82	-88.08	255.00	119.44	-0.32
-71.28	-88.08	255.00	119.13	-0.31
-71.62	-88.08	255.00	118.83	-0.30
-72.06	-88.08	255.00	118.53	-0.30
-72.44	-88.08	255.00	118.24	-0.29
-72.88	-88.08	255.00	117.96	-0.28
-73.25	-88.08	255.00	117.68	-0.27
-73.71	-88.08	255.00	117.42	-0.27
-74.10	-88.08	255.00	117.16	-0.26
-74.63	-88.08	255.00	116.91	-0.25
-74.99	-88.08	255.00	116.67	-0.24
-75.33	-88.08	255.00	116.43	-0.24
-75.75	-88.08	255.00	116.20	-0.23
-76.10	-88.08	255.00	115.98	-0.22
-76.51	-88.08	255.00	115.77	-0.21
-76.84	-88.08	255.00	115.56	-0.21
-77.23	-88.08	255.00	115.36	-0.20
-77.64	-88.08	255.00	115.17	-0.19
-78.05	-88.08	255.00	114.98	-0.19
-78.39	-88.08	255.00	114.80	-0.18
-78.81	-88.08	255.00	114.63	-0.17
-79.17	-88.08	255.00	114.47	-0.16
-79.62	-88.08	255.00	114.31	-0.16
-80.00	-88.08	255.00	114.16	-0.15
-80.56	-88.08	255.00	114.02	-0.14
-80.97	-88.08	255.00	113.89	-0.13
-81.46	-88.08	255.00	113.77	-0.12
-81.88	-88.08	255.00	113.65	-0.11
-82.30	-88.08	255.00	113.54	-0.11
-82.81	-88.08	255.00	113.45	-0.10
-83.23	-88.08	255.00	113.36	-0.09
-83.75	-88.08	255.00	113.28	-0.08
-84.28	-88.08	255.00	113.21	-0.07
-84.82	-88.08	255.00	113.15	-0.06
-85.26	-88.08	255.00	113.09	-0.05
-85.79	-88.08	255.00	113.05	-0.04
-86.24	-88.08	255.00	113.02	-0.03
-86.77	-88.08	255.00	112.99	-0.02
-87.20	-88.08	255.00	112.98	-0.02
-87.71	-88.08	255.00	112.97	-0.01
-88.23	-88.08	255.00	112.97	0.00
-88.65	-88.08	254.99	112.98	0.01
-89.16	-88.08	254.97	113.00	0.02
-89.58	-88.08	254.94	113.03	0.03
-90.06	-88.08	254.90	113.07	0.04
-90.44	-88.08	254.86	113.11	0.04
-90.86	-88.08	254.81	113.16	0.05
-91.27	-88.08	254.75	113.22	0.06
-91.67	-88.08	254.68	113.29	0.07
-91.98	-88.08	254.61	113.36	0.07
-92.36	-88.08	254.53	113.44	0.08
-92.69	-88.08	254.45	113.52	0.09
-93.11	-88.08	254.35	113.62	0.09
-93.47	-88.08	254.25	113.72	0.10
-93.84	-88.08	254.15	113.82	0.11
-94.38	-88.08	254.03	113.94	0.12
-94.77	-88.08	253.91	114.06	0.12
-95.22	-88.08	253.77	114.20	0.13
-95.60	-88.08	253.64	114.33	0.14
-96.05	-88.08	253.49	114.48	0.15
-96.44	-88.08	253.33	114.64	0.15
-96.90	-88.08	253.17	114.80	0.16
-97.26	-88.08	253.00	114.97	0.17
-97.78	-88.08	252.82	115.15	0.18
-98.16	-88.08	252.63	115.34	0.19
-98.64	-88.08	252.44	115.53	0.20
-99.02	-88.08	252.24	115.73	0.20
-99.49	-88.08	252.03	115.94	0.21
-99.89	-88.08	251.81	116.16	0.22
-100.29	-88.08	251.58	116.39	0.23
-100.85	-88.08	251.35	116.62	0.24
-101.25	-88.08	251.10	116.87	0.24
-101.73	-88.08	250.85	117.12	0.25
-102.21	-88.08	250.59	117.38	0.26
-102.61	-88.08	250.32	117.65	0.27
-103.10	-88.08	250.04	117.93	0.28
-103.50	-88.08	249.76	118.21	0.29
-103.98	-88.08	249.46	118.51	0.29
-104.45	-88.08	249.16	118.81	0.30
-104.92	-88.08	248.85	119.12	0.31
-105.30	-88.08	248.53	119.44	0.32
-105.75	-88.08	248.20	119.77	0.33
-106.14	-88.08	247.87	120.10	0.33
-106.59	-88.08	247.53	120.44	0.34
-106.98	-88.08	247.18	120.79	0.35
-107.51	-88.08	246.82	121.15	0.36
-107.88	-88.08	246.45	121.52	0.37
-108.34	-88.08	246.08	121.89	0.37
-108.73	-88.08	245.69	122.28	0.38
-109.19	-88.08	245.30	122.67	0.39
-109.57	-88.08	244.91	123.06	0.40
-110.01	-88.08	244.50	123.47	0.41
-110.37	-88.08	244.09	123.88	0.41
-110.87	-88.08	243.67	124.30	0.42
-111.22	-88.08	243.24	124.73	0.43
-111.64	-88.08	242.80	125.17	0.44
-111.98	-88.08	242.36	125.61	0.44
-112.41	-88.08	241.91	126.06	0.45
-112.77	-88.08	241.45	126.52	0.46
-113.21	-88.08	240.99	126.98	0.46
-113.68	-88.08	240.52	127.45	0.47
-114.14	-88.08	240.03	127.94	0.48
-114.52	-88.08	239.55	128.42	0.49
-114.98	-88.08	239.05	128.92	0.50
-115.35	-88.08	238.54	129.43	0.50
-115.79	-88.08	238.03	129.94	0.51
-116.14	-88.08	237.51	130.46	0.52
-116.56	-88.08	236.98	130.99	0.53
-116.98	-88.08	236.45	131.52	0.53
-117.38	-88.08	235.91	132.06	0.54
-117.71	-88.08	235.36	132.61	0.55
-118.10	-88.08	234.80	133.17	0.56
-118.41	-88.08	234.24	133.73	0.56
-118.79	-88.08	233.68	134.29	0.57
-119.10	-88.08	233.10	134.87	0.57
-119.52	-88.08	232.52	135.45	0.58
-119.80	-88.08	231.93	136.04	0.59
-120.12	-88.08	231.34	136.63	0.59
-120.38	-88.08	230.74	137.23	0.60
-120.71	-88.08	230.14	137.83	0.60
-120.97	-88.08	229.53	138.44	0.61
-121.27	-88.08	228.92	139.05	0.61
-121.53	-88.08	228.30	139.67	0.62
-121.90	-88.08	227.67	140.30	0.63
-122.16	-88.08	227.04	140.93	0.63
-122.49	-88.08	226.41	141.56	0.64
-122.76	-88.08	225.76	142.21	0.64
-123.12	-88.08	225.12	142.85	0.65
-123.42	-88.08	224.46	143.51	0.65
-123.78	-88.08	223.80	144.17	0.66
-124.09	-88.08	223.14	144.83	0.67
-124.53	-88.08	222.46	145.51	0.67
-124.83	-88.08	221.78	146.19	0.68
-125.18	-88.08	221.10	146.87	0.69
-125.52	-88.08	220.40	147.57	0.69
-125.82	-88.08	219.70	148.27	0.70
-126.18	-88.08	219.00	148.97	0.70
-126.47	-88.08	218.29	149.68	0.71
-126.88	-88.08	217.57	150.40	0.72
-127.18	-88.08	216.85	151.12	0.72
-127.54	-88.08	216.12	151.85	0.73
-127.82	-88.08	215.38	152.59	0.74
-128.15	-88.08	214.64	153.33	0.74
-128.42	-88.08	213.90	154.07	0.75
-128.74	-88.08	213.14	154.83	0.75
-129.00	-88.08	212.39	155.58	0.76
-129.37	-88.08	211.62	156.35	0.76
-129.64	-88.08	210.85	157.12	0.77
-129.96	-88.08	210.08	157.89	0.77
-130.22	-88.08	209.30	158.67	0.78
-130.53	-88.08	208.52	159.45	0.79
-130.77	-88.08	207.73	160.24	0.79
-131.03	-88.08	206.93	161.04	0.79
-131.26	-88.08	206.13	161.84	0.80
-131.49	-88.08	205.33	162.64	0.80
-131.68	-88.08	204.52	163.45	0.81
-131.90	-88.08	203.71	164.26	0.81
-132.07	-88.08	202.90	165.07	0.81
-132.27	-88.08	202.08	165.89	0.82
-132.44	-88.08	201.26	166.71	0.82
-132.65	-88.08	200.44	167.53	0.82
-132.85	-88.08	199.61	168.36	0.83
-133.05	-88.08	198.78	169.19	0.83
-133.22	-88.08	197.94	170.03	0.84
-133.41	-88.08	197.10	170.87	0.84
-133.57	-88.08	196.26	171.71	0.84
-133.76	-88.08	195.42	172.55	0.85
-133.92	-88.08	194.57	173.40	0.85
-134.16	-88.08	193.72	174.25	0.85
-134.32	-88.08	192.86	175.11	0.86
-134.52	-88.08	192.00	175.97	0.86
-134.70	-88.08	191.14	176.83	0.86
-134.91	-88.08	190.27	177.70	0.87
-135.09	-88.08	189.40	178.57	0.87
-135.29	-88.08	188.53	179.44	0.87
-135.47	-88.08	187.65	180.32	0.88
-135.70	-88.08	186.77	181.20	0.88
-135.87	-88.08	185.89	182.08	0.88
-136.08	-88.08	185.00	182.97	0.89
-136.26	-88.08	184.11	183.86	0.89
-136.46	-88.08	183.21	184.76	0.90
-136.62	-88.08	182.31	185.65	0.90
-136.80	-88.08	181.41	186.56	0.90
-137.00	-88.08	180.51	187.46	0.90
-137.13	-88.08	179.60	188.37	0.91
-137.27	-88.08	178.69	189.28	0.91
-137.39	-88.08	177.78	190.19	0.91
-137.52	-88.08	176.86	191.11	0.91
-137.63	-88.08	175.95	192.02	0.92
-137.78	-88.08	175.03	192.94	0.92
-137.92	-88.08	174.11	193.86	0.92
-138.08	-88.08	173.18	194.79	0.92
-138.20	-88.08	172.25	195.72	0.93
-138.37	-88.08	171.32	196.65	0.93
-138.50	-88.08	170.39	197.58	0.93
-138.61	-88.08	169.46	198.51	0.93
-138.69	-88.08	168.52	199.45	0.94
-138.78	-88.08	167.58	200.39	0.94
-138.84	-88.08	166.64	201.33	0.94
-138.92	-88.08	165.70	202.27	0.94
-138.97	-88.08	164.76	203.21	0.94
-139.03	-88.08	163.82	204.15	0.94
-139.07	-88.08	162.88	205.09	0.94
-139.11	-88.08	161.93	206.04	0.94
-139.14	-88.08	160.99	206.98	0.94
-139.17	-88.08	160.04	207.93	0.95
-139.21	-88.08	159.10	208.87	0.95
-139.25	-88.08	158.15	209.82	0.95
-139.29	-88.08	157.20	210.77	0.95
-139.35	-88.08	156.25	211.72	0.95
-139.39	-88.08	155.31	212.66	0.95
-139.44	-88.08	154.36	213.61	0.95
-139.50	-88.08	153.40	214.57	0.95
-139.58	-88.08	152.45	215.52	0.95
-139.64	-88.08	151.50	216.47	0.95
-139.67	-88.08	150.54	217.43	0.95
-139.68	-88.08	149.59	218.38	0.95
-139.71	-88.08	148.63	219.34	0.96
-139.76	-88.08	147.68	220.29	0.96
-139.82	-88.08	146.72	221.25	0.96
-139.91	-88.08	145.76	222.21	0.96
-140.01	-88.08	144.80	223.17	0.96
-140.13	-88.08	143.84	224.13	0.96
-140.25	-88.08	142.87	225.10	0.97
-140.39	-88.08	141.91	226.06	0.97
-140.45	-88.08	140.94	227.03	0.97
-140.50	-88.08	139.97	228.00	0.97
-140.54	-88.08	139.00	228.97	0.97
-140.58	-88.08	138.02	229.94	0.97
-140.58	-88.08	137.05	230.92	0.97
-140.54	-88.08	136.08	231.89	0.97
-140.50	-88.08	135.11	232.86	0.97
-140.46	-88.08	134.14	233.83	0.97
-140.43	-88.08	133.18	234.79	0.97
-140.39	-88.08	132.21	235.76	0.97
-140.36	-88.08	131.24	236.73	0.97
-140.30	-88.08	130.28	237.69	0.97
-140.24	-88.08	129.31	238.66	0.96
-140.15	-88.08	128.35	239.62	0.96
-140.07	-88.08	127.39	240.58	0.96
-139.96	-88.08	126.43	241.54	0.96
-139.86	-88.08	125.47	242.50	0.96
-139.74	-88.08	124.51	243.46	0.96
-139.64	-88.08	123.56	244.41	0.95
-139.49	-88.08	122.61	245.36	0.95
-139.38	-88.08	121.66	246.31	0.95
-139.25	-88.08	120.71	247.26	0.95
-139.12	-88.08	119.77	248.20	0.94
-139.00	-88.08	118.83	249.14	0.94
-138.85	-88.08	117.89	250.08	0.94
-138.73	-88.08	116.95	251.02	0.94
-138.57	-88.08	116.02	251.95	0.93
-138.46	-88.08	115.08	252.89	0.93
-138.32	-88.08	114.15	253.82	0.93
-138.22	-88.08	113.23	254.74	0.93
-138.08	-88.08	112.30	255.00	0.92
-137.96	-88.08	111.38	255.00	0.92
-137.81	-88.08	110.46	255.00	0.92
-137.69	-88.08	109.54	255.00	0.92
-137.51	-88.08	108.63	255.00	0.91
-137.36	-88.08	107.72	255.00	0.91
-137.17	-88.08	106.81	255.00	0.91
-137.01	-88.08	105.90	255.00	0.91
-136.80	-88.08	105.00	255.00	0.90
-136.62	-88.08	104.10	255.00	0.90
-136.39	-88.08	103.21	255.00	0.89
-136.20	-88.08	102.32	255.00	0.89
-135.92	-88.08	101.43	255.00	0.88
-135.72	-88.08	100.55	255.00	0.88
-135.47	-88.08	99.68	255.00	0.88
-135.25	-88.08	98.80	255.00	0.87
-134.98	-88.08	97.94	255.00	0.87
-134.74	-88.08	97.07	255.00	0.86
-134.43	-88.08	96.22	255.00	0.86
-134.11	-88.08	95.36	255.00	0.85
-133.77	-88.08	94.52	255.00	0.85
-133.50	-88.08	93.68	255.00	0.84
-133.17	-88.08	92.84	255.00	0.83
-132.89	-88.08	92.02	255.00	0.83
-132.55	-88.08	91.19	255.00	0.82
-132.27	-88.08	90.38	255.00	0.82
-131.99	-88.08	89.56	255.00	0.81
-131.59	-88.08	88.76	255.00	0.80
-131.30	-88.08	87.96	255.00	0.80
-130.95	-88.08	87.17	255.00	0.79
-130.65	-88.08	86.38	255.00	0.79
-130.28	-88.08	85.60	255.00	0.78
-129.96	-88.08	84.82	255.00	0.77
-129.59	-88.08	84.06	255.00	0.77
-129.29	-88.08	83.29	255.00	0.76
-128.86	-88.08	82.54	255.00	0.75
-128.55	-88.08	81.79	255.00	0.75
-128.25	-88.08	81.05	255.00	0.74
-127.87	-88.08	80.31	255.00	0.74
-127.55	-88.08	79.58	255.00	0.73
-127.16	-88.08	78.86	255.00	0.72
-126.85	-88.08	78.14	255.00	0.72
-126.39	-88.08	77.43	255.00	0.71
-126.05	-88.08	76.73	255.00	0.70
-125.64	-88.08	76.03	255.00	0.69
-125.29	-88.08	75.35	255.00	0.69
-124.87	-88.08	74.67	255.00	0.68
-124.52	-88.08	73.99	255.00	0.67
-124.15	-88.08	73.32	255.00	0.67
-123.71	-88.08	72.67	255.00	0.66
-123.26	-88.08	72.01	255.00	0.65
-122.81	-88.08	71.37	255.00	0.64
-122.43	-88.08	70.74	255.00	0.64
-121.96	-88.08	70.11	255.00	0.63
-121.56	-88.08	69.49	255.00	0.62
-121.05	-88.08	68.88	255.00	0.61
-120.62	-88.08	68.28	255.00	0.60
-120.01	-88.08	67.69	255.00	0.59
-119.56	-88.08	67.11	255.00	0.58
-119.01	-88.08	66.53	255.00	0.57
-118.55	-88.08	65.97	255.00	0.56
-118.09	-88.08	65.41	255.00	0.56
-117.53	-88.08	64.87	255.00	0.54
-117.06	-88.08	64.33	255.00	0.54
-116.49	-88.08	63.81	255.00	0.53
-115.92	-88.08	63.29	255.00	0.51
-115.34	-88.08	62.79	255.00	0.50
-114.85	-88.08	62.29	255.00	0.50
-114.26	-88.08	61.81	255.00	0.48
-113.78	-88.08	61.33	255.00	0.48
-113.20	-88.08	60.87	255.00	0.46
-112.74	-88.08	60.41	255.00	0.46
-112.29	-88.08	59.97	255.00	0.45
-111.66	-88.08	59.53	255.00	0.44
-111.21	-88.08	59.10	255.00	0.43
-110.66	-88.08	58.68	255.00	0.42
-110.21	-88.08	58.27	255.00	0.41
-109.66	-88.08	57.88	255.00	0.40
-109.21	-88.08	57.48	255.00	0.39
-108.67	-88.08	57.10	255.00	0.38
-108.12	-88.08	56.73	255.00	0.37
-107.56	-88.08	56.37	255.00	0.36
-107.08	-88.08	56.02	255.00	0.35
-106.60	-88.08	55.68	255.00	0.34
-106.01	-88.08	55.35	255.00	0.33
-105.51	-88.08	55.02	255.00	0.32
-104.85	-88.08	54.71	255.00	0.31
-104.27	-88.08	54.42	255.00	0.30
-103.39	-88.08	54.13	255.00	0.28
-102.75	-88.08	53.86	255.00	0.27
-101.95	-88.08	53.60	255.00	0.26
-101.29	-88.08	53.36	255.00	0.24
-100.54	-88.08	53.13	255.00	0.23
-99.95	-88.08	52.91	255.00	0.22
-99.24	-88.08	52.70	255.00	0.21
-98.64	-88.08	52.51	255.00	0.20
-97.91	-88.08	52.33	255.00	0.18
-97.17	-88.08	52.16	255.00	0.17
-96.53	-88.08	52.00	255.00	0.16
-95.74	-88.08	51.86	255.00	0.14
-95.07	-88.08	51.73	255.00	0.13
-94.40	-88.08	51.61	255.00	0.12
-93.56	-88.08	51.51	255.00	0.10
-92.70	-88.08	51.43	255.00	0.09
-91.82	-88.08	51.36	255.00	0.07
-91.09	-88.08	51.30	255.00	0.06
-90.37	-88.08	51.26	255.00	0.04
-89.52	-88.08	51.23	255.00	0.03
-88.81	-88.08	51.22	255.00	0.01
-87.97	-88.08	51.22	255.00	-0.00
-87.31	-88.08	51.24	254.98	-0.01
-86.43	-88.08	51.27	254.95	-0.03
-85.83	-88.08	51.31	254.91	-0.04
-85.24	-88.08	51.36	254.86	-0.05
-84.49	-88.08	51.43	254.79	-0.07
-83.85	-88.08	51.51	254.71	-0.08
-83.05	-88.08	51.60	254.62	-0.09
-82.37	-88.08	51.71	254.52	-0.11
-81.53	-88.08	51.83	254.39	-0.12
-80.68	-88.08	51.96	254.26	-0.14
-79.95	-88.08	52.11	254.11	-0.15
-79.06	-88.08	52.28	253.94	-0.17
-78.29	-88.08	52.46	253.76	-0.18
-77.36	-88.08	52.66	253.56	-0.20
-76.57	-88.08	52.87	253.35	-0.21
-75.63	-88.08	53.10	253.12	-0.23
-74.68	-88.08	53.35	252.87	-0.25
-73.87	-88.08	53.62	252.61	-0.26
-72.88	-88.08	53.90	252.32	-0.28
-72.06	-88.08	54.19	252.03	-0.30
-71.07	-88.08	54.51	251.71	-0.31
-70.24	-88.08	54.84	251.38	-0.33
-69.25	-88.08	55.19	251.03	-0.35
-68.42	-88.08	55.55	250.67	-0.36
-67.42	-88.08	55.93	250.29	-0.38
-66.43	-88.08	56.33	249.89	-0.40
-65.61	-88.08	56.75	249.47	-0.42
-64.63	-88.08	57.18	249.04	-0.43
-63.81	-88.08	57.63	248.59	-0.45
-62.83	-88.08	58.10	248.12	-0.47
-62.02	-88.08	58.58	247.64	-0.48
-61.22	-88.08	59.08	247.14	-0.50
-60.11	-88.08	59.60	246.63	-0.52
-59.34	-88.08	60.13	246.09	-0.53
-58.43	-88.08	60.68	245.54	-0.55
-57.68	-88.08	61.24	244.98	-0.56
-56.79	-88.08	61.82	244.40	-0.58
-56.05	-88.08	62.41	243.81	-0.59
-55.32	-88.08	63.02	243.20	-0.61
-54.30	-88.08	63.64	242.58	-0.62
-53.58	-88.08	64.28	241.94	-0.64
-52.70	-88.08	64.93	241.29	-0.65
-51.97	-88.08	65.60	240.62	-0.67
-51.08	-88.08	66.29	239.93	-0.68
-50.35	-88.08	66.98	239.24	-0.70
-49.47	-88.08	67.70	238.52	-0.71
-48.73	-88.08	68.43	237.79	-0.73
-47.84	-88.08	69.17	237.05	-0.74
-46.95	-88.08	69.93	236.29	-0.76
-46.22	-88.08	70.71	235.51	-0.77
-45.35	-88.08	71.50	234.72	-0.79
-44.63	-88.08	72.30	233.92	-0.80
-43.75	-88.08	73.12	233.10	-0.82
-43.02	-88.08	73.96	232.27	-0.83
-42.28	-88.08	74.80	231.42	-0.85
-41.25	-88.08	75.67	230.55	-0.87
-40.51	-88.08	76.55	229.67	-0.88
-39.60	-88.08	77.45	228.77	-0.90
-38.84	-88.08	78.36	227.86	-0.91
-37.94	-88.08	79.28	226.94	-0.93
-37.21	-88.08	80.23	225.99	-0.94
-36.49	-88.08	81.18	225.04	-0.95
-35.51	-88.08	82.15	224.07	-0.97
-34.83	-88.08	83.14	223.08	-0.99
-34.02	-88.08	84.14	222.08	-1.00
-33.35	-88.08	85.15	221.07	-1.01
-32.55	-88.08	86.18	220.04	-1.03
-31.89	-88.08	87.22	219.00	-1.04
-31.25	-88.08	88.27	217.95	-1.05
-30.53	-88.08	89.33	216.89	-1.06
-29.87	-88.08	90.41	215.81	-1.08
-29.24	-88.08	91.50	214.72	-1.09
-28.73	-88.08	92.60	213.62	-1.10
-28.11	-88.08	93.71	212.51	-1.11
-27.60	-88.08	94.83	211.39	-1.12
-26.98	-88.08	95.96	210.26	-1.13
-26.46	-88.08	97.10	209.12	-1.14
-25.95	-88.08	98.25	207.97	-1.15
-25.22	-88.08	99.41	206.81	-1.16
-24.71	-88.08	100.58	205.64	-1.17
-24.09	-88.08	101.77	204.46	-1.18
-23.59	-88.08	102.96	203.26	-1.19
-23.00	-88.08	104.16	202.06	-1.20
-22.50	-88.08	105.38	200.85	-1.21
-21.92	-88.08	106.60	199.62	-1.22
-21.35	-88.08	107.83	198.39	-1.23
-20.79	-88.08	109.08	197.14	-1.24
-20.35	-88.08	110.33	195.89	-1.25
-19.86	-88.08	111.59	194.63	-1.26
-19.48	-88.08	112.86	193.36	-1.27
-19.04	-88.08	114.14	192.08	-1.28
-18.66	-88.08	115.42	190.80	-1.28
-18.22	-88.08	116.72	189.50	-1.29
-17.79	-88.08	118.02	188.20	-1.30
-17.36	-88.08	119.33	186.89	-1.31
-17.00	-88.08	120.64	185.58	-1.32
-16.57	-88.08	121.96	184.26	-1.32
-16.21	-88.08	123.29	182.93	-1.33
-15.78	-88.08	124.63	181.59	-1.34
-15.42	-88.08	125.98	180.24	-1.34
-14.93	-88.08	127.33	178.89	-1.35
-14.59	-88.08	128.69	177.53	-1.36
-14.25	-88.08	130.05	176.17	-1.37
-13.86	-88.08	131.43	174.79	-1.37
-13.54	-88.08	132.81	173.41	-1.38
-13.16	-88.08	134.19	172.03	-1.39
-12.86	-88.08	135.58	170.64	-1.39
-12.50	-88.08	136.98	169.24	-1.40
-12.14	-88.08	138.39	167.83	-1.40
-11.80	-88.08	139.80	166.42	-1.41
-11.51	-88.08	141.22	165.00	-1.42
-11.16	-88.08	142.64	163.58	-1.42
-10.89	-88.08	144.07	162.15	-1.43
-10.60	-88.08	145.50	160.72	-1.43
-10.37	-88.08	146.94	159.28	-1.44
-10.11	-88.08	148.38	157.84	-1.44
-9.88	-88.08	149.83	156.39	-1.45
-9.67	-88.08	151.28	154.94	-1.45
-9.51	-88.08	152.73	153.49	-1.45
-9.30	-88.08	154.19	152.03	-1.46
-9.14	-88.08	155.65	150.57	-1.46
-8.95	-88.08	157.11	149.11	-1.46
-8.80	-88.08	158.58	147.64	-1.47
-8.63	-88.08	160.05	146.17	-1.47
-8.46	-88.08	161.52	144.70	-1.47
-8.33	-88.08	163.00	143.22	-1.48
-8.19	-88.08	164.48	141.74	-1.48
-8.08	-88.08	165.96	140.26	-1.48
-7.96	-88.08	167.44	138.78	-1.48
-7.87	-88.08	168.92	137.30	-1.48
-7.78	-88.08	170.41	135.81	-1.49
-7.75	-88.08	171.89	134.33	-1.49
-7.73	-88.08	173.38	132.84	-1.49
-7.73	-88.08	174.87	131.35	-1.49
-7.75	-88.08	176.35	129.87	-1.49
-7.80	-88.08	177.84	128.38	-1.49
-7.84	-88.08	179.32	126.90	-1.48
-7.89	-88.08	180.81	125.41	-1.48
-7.93	-88.08	182.29	123.93	-1.48
-7.98	-88.08	183.77	122.45	-1.48
-8.03	-88.08	185.25	120.97	-1.48
-8.08	-88.08	186.73	119.49	-1.48
-8.14	-88.08	188.21	118.01	-1.48
-8.21	-88.08	189.69	116.53	-1.48
-8.28	-88.08	191.17	115.05	-1.48
-8.34	-88.08	192.64	113.58	-1.48
-8.44	-88.08	194.11	112.11	-1.47
-8.52	-88.08	195.59	110.63	-1.47
-8.64	-88.08	197.06	109.16	-1.47
-8.74	-88.08	198.52	107.70	-1.47
-8.85	-88.08	199.99	106.23	-1.47
-8.99	-88.08	201.45	104.77	-1.46
-9.11	-88.08	202.91	103.31	-1.46
-9.27	-88.08	204.37	101.85	-1.46
-9.44	-88.08	205.83	100.39	-1.45
-9.61	-88.08	207.28	98.94	-1.45
-9.75	-88.08	208.73	97.49	-1.45
-9.90	-88.08	210.17	96.05	-1.45
-10.07	-88.08	211.62	94.60	-1.44
-10.22	-88.08	213.06	93.16	-1.44
-10.43	-88.08	214.49	91.73	-1.44
-10.63	-88.08	215.93	90.29	-1.43
-10.92	-88.08	217.35	88.87	-1.43
-11.12	-88.08	218.78	87.44	-1.42
-11.34	-88.08	220.20	86.02	-1.42
-11.60	-88.08	221.61	84.61	-1.41
-11.83	-88.08	223.02	83.20	-1.41
-12.10	-88.08	224.43	81.79	-1.41
-12.34	-88.08	225.83	80.39	-1.40
-12.69	-88.08	227.23	79.00	-1.39
-12.95	-88.08	228.62	77.61	-1.39
-13.26	-88.08	230.00	76.22	-1.38
-13.53	-88.08	231.38	74.84	-1.38
-13.82	-88.08	232.75	73.47	-1.37
-14.18	-88.08	234.12	72.10	-1.37
-14.49	-88.08	235.48	70.74	-1.36
-14.88	-88.08	236.84	69.39	-1.35
-15.29	-88.08	238.18	68.04	-1.35
-15.71	-88.08	239.52	66.70	-1.34
-16.08	-88.08	240.85	65.37	-1.33
-16.45	-88.08	242.18	64.04	-1.33
-16.91	-88.08	243.50	62.73	-1.32
-17.30	-88.08	244.80	61.42	-1.31
-17.78	-88.08	246.11	60.12	-1.30
-18.18	-88.08	247.40	58.82	-1.29
-18.74	-88.08	248.68	57.54	-1.28
-19.14	-88.08	249.96	56.26	-1.28
-19.61	-88.08	251.22	55.00	-1.27
-20.01	-88.08	252.48	53.74	-1.26
-20.40	-88.08	253.73	52.49	-1.25
-20.89	-88.08	254.98	51.24	-1.24
-21.31	-88.08	255.00	50.01	-1.24
-21.92	-88.08	255.00	48.78	-1.22
-22.38	-88.08	255.00	47.57	-1.22
-22.95	-88.08	255.00	46.36	-1.20
-23.44	-88.08	255.00	45.17	-1.20
-24.02	-88.08	255.00	43.98	-1.19
-24.50	-88.08	255.00	42.81	-1.18
-24.99	-88.08	255.00	41.64	-1.17
-25.60	-88.08	255.00	40.48	-1.16
-26.21	-88.08	255.00	39.34	-1.14
-26.81	-88.08	255.00	38.20	-1.13
-27.32	-88.08	255.00	37.08	-1.12
-27.96	-88.08	255.00	35.97	-1.11
-28.50	-88.08	255.00	34.87	-1.10
-29.06	-88.08	255.00	33.77	-1.09
-29.73	-88.08	255.00	32.69	-1.08
-30.32	-88.08	255.00	31.63	-1.07
-31.16	-88.08	255.00	30.57	-1.05
-31.75	-88.08	255.00	29.53	-1.04
-32.47	-88.08	255.00	28.50	-1.03
-33.09	-88.08	255.00	27.48	-1.02
-33.72	-88.08	255.00	26.48	-1.01
-34.49	-88.08	255.00	25.49	-0.99
-35.14	-88.08	255.00	24.51	-0.98
-36.07	-88.08	255.00	23.54	-0.96
-36.75	-88.08	255.00	22.60	-0.95
-37.59	-88.08	255.00	21.66	-0.93
-38.30	-88.08	255.00	20.74	-0.92
-39.03	-88.08	255.00	19.83	-0.91
-39.92	-88.08	255.00	18.94	-0.89
-40.68	-88.08	255.00	18.06	-0.88
-41.60	-88.08	255.00	17.20	-0.86
-42.53	-88.08	255.00	16.36	-0.84
-43.30	-88.08	255.00	15.53	-0.83
-44.24	-88.08	255.00	14.72	-0.81
-45.02	-88.08	255.00	13.93	-0.80
-45.97	-88.08	255.00	13.15	-0.78
-46.77	-88.08	255.00	12.38	-0.76
-47.75	-88.08	255.00	11.64	-0.75
-48.58	-88.08	255.00	10.91	-0.73
-49.58	-88.08	255.00	10.19	-0.71
-50.58	-88.08	255.00	9.50	-0.69
-51.41	-88.08	255.00	8.82	-0.68
-52.41	-88.08	255.00	8.16	-0.66
-53.26	-88.08	255.00	7.52	-0.64
-54.09	-88.08	255.00	6.89	-0.63
-55.10	-88.08	255.00	6.28	-0.61
-56.10	-88.08	255.00	5.69	-0.59
-57.10	-88.08	255.00	5.11	-0.57
-57.95	-88.08	255.00	4.56	-0.56
-58.83	-88.08	255.00	4.01	-0.54
-59.86	-88.08	255.00	3.49	-0.52
-60.72	-88.08	255.00	2.99	-0.51
-61.60	-88.08	255.00	2.50	-0.49
-62.69	-88.08	255.00	2.03	-0.47
-63.78	-88.08	255.00	1.58	-0.45
-64.88	-88.08	255.00	1.15	-0.43
-65.81	-88.08	255.00	0.74	-0.41
-66.76	-88.08	255.00	0.34	-0.39
-67.92	-88.08	255.00	-0.03	-0.37
-68.90	-88.08	255.00	-0.39	-0.35
-69.91	-88.08	255.00	-0.72	-0.34
-71.13	-88.08	255.00	-1.04	-0.31
-72.37	-88.08	255.00	-1.33	-0.29
-73.62	-88.08	255.00	-1.59	-0.27
-74.67	-88.08	255.00	-1.84	-0.25
-75.74	-88.08	255.00	-2.07	-0.23
-77.03	-88.08	255.00	-2.28	-0.20
-78.10	-88.08	255.00	-2.46	-0.18
-79.38	-88.08	255.00	-2.62	-0.16
-80.46	-88.08	255.00	-2.76	-0.14
-81.75	-88.08	255.00	-2.88	-0.12
-83.01	-88.08	255.00	-2.97	-0.09
-84.05	-88.08	255.00	-3.05	-0.07
-85.06	-88.08	255.00	-3.10	-0.06
-86.25	-88.08	255.00	-3.14	-0.03
-87.24	-88.08	255.00	-3.15	-0.02
-88.48	-88.08	254.99	-3.15	0.01
-89.74	-88.08	254.96	-3.12	0.03
-90.79	-88.08	254.91	-3.07	0.05
-92.08	-88.08	254.84	-2.99	0.07
-93.16	-88.08	254.74	-2.90	0.09
-94.47	-88.08	254.63	-2.78	0.12
-95.56	-88.08	254.49	-2.64	0.14
-96.66	-88.08	254.33	-2.48	0.16
-97.99	-88.08	254.15	-2.30	0.18
-99.32	-88.08	253.94	-2.09	0.21
-100.42	-88.08	253.71	-1.86	0.23
-101.76	-88.08	253.46	-1.61	0.25
-102.87	-88.08	253.18	-1.34	0.27
-104.21	-88.08	252.88	-1.04	0.30
-105.33	-88.08	252.57	-0.72	0.32
-106.67	-88.08	252.22	-0.38	0.34
-107.79	-88.08	251.86	-0.01	0.36
-109.36	-88.08	251.46	0.38	0.39
-110.48	-88.08	251.05	0.80	0.41
-111.61	-88.08	250.61	1.23	0.44
-112.97	-88.08	250.15	1.69	0.46
-114.10	-88.08	249.67	2.17	0.48
-115.46	-88.08	249.17	2.68	0.51

