01:36:48.606 0.00 200 200 0.00
01:36:48.607 0.00 200 200 0.00
01:36:48.607 0.00 200 200 0.00
01:36:48.607 0.00 200 200 0.00
01:36:48.608 0.00 200 200 0.00
01:36:48.608 0.00 200 200 0.00
01:36:48.627 0.00 200 200 0.00
01:36:48.629 0.00 200 200 0.00
01:36:48.629 0.00 200 200 0.00
01:36:48.630 0.00 200 200 0.00
01:36:48.630 0.00 200 200 0.00
01:36:48.641 -0.05 200 200 -0.05
01:36:48.641 -0.05 200 199 -0.05
01:36:48.641 -0.05 200 198 -0.05
01:36:48.641 -0.05 200 197 -0.05
01:36:48.641 -0.05 200 196 -0.05
01:36:48.641 -0.05 200 195 -0.05
01:36:48.645 -0.05 200 194 -0.05
01:36:48.645 1.04 200 193 1.04
01:36:48.645 1.04 198 194 1.04
01:36:48.645 1.04 196 195 1.04
01:36:48.645 1.04 194 196 1.04
01:36:48.645 1.04 192 197 1.04